v;Beck;1,2,3,4,5,6,7,8,9,10,11,12,13,14,15,16,17,18,19,20,21,22,23,24,25,26,27,28,29,30
v;Deb;8,9,10,11,12,13,14,22,23,24,25,26,27,28,29,30
v;Jim;1,3,5,7,9,11,13,15,17,19,21,23,25,27,29
v;Mingi;2,4,5,10,15
v;Roshan;3,6,9,12,15,18,21,24,27,30
v;Sapan;7,14,21,28
v;Sonu;1,2,3,4,5,6,7,15,16,17,18,19,20,21
v;Tianrun;5,10,15,20,25,30
v;Yash;2,4,6,8,10,12,14,16,18,20,22,24,26,28,30
e;Bake Sale;8;20;
e;Holiday Show;19;3;Beck,Jim
e;Planetarium Field Trip;15;6;Mingi,Roshan,Sonu
e;Science Night;2;5;Mingi,Yash
e;Zoo Field Trip;5;5;